0000 0006 0007 0008 0010 0011 0012 0014 0019 0020 0021 0022 0027 0036 0037 0039 0041 0045 0051 0053 0054 0062 0060 0069 0067 0070 0073 0071 0078 0079 0081 0083 0086 0088 0090 0092 0093 0094 0095 0097 0099 0108 0109 0111 0113 0118 0124 0123 0126 0130 0131 0138 0139 0148 0144 0144 0145 0146 0150 0159 0157 0160 0163 0162 0169 0171 0172 0172 0173 0174 0176 0177 0182 0186 0191 0193 0194 0195 0200 0201 0204 0213 0212 0214 0222 0227 0229 0233 0236 0232 0234 0239 0243 0252 0253 0256 0256 0264 0260 0260 
0008 0015 0010 0010 0011 0012 0016 0015 0016 0023 0024 0023 0024 0029 0036 0041 0042 0046 0048 0050 0054 0057 0058 0065 0066 0067 0068 0070 0078 0079 0086 0085 0087 0093 0092 0095 0095 0095 0096 0105 0107 0113 0112 0115 0116 0118 0120 0122 0123 0129 0131 0139 0136 0141 0138 0138 0137 0145 0145 0150 0151 0157 0160 0159 0160 0169 0170 0171 0179 0175 0184 0178 0182 0183 0186 0187 0191 0194 0201 0202 0203 0206 0208 0211 0217 0221 0223 0226 0230 0231 0240 0244 0243 0244 0253 0255 0255 0255 0256 0259 
0011 0014 0011 0011 0012 0013 0015 0018 0017 0026 0032 0031 0025 0027 0036 0045 0043 0045 0051 0051 0054 0062 0067 0073 0068 0071 0069 0074 0078 0080 0088 0087 0088 0097 0094 0100 0104 0097 0097 0104 0104 0113 0109 0114 0117 0118 0124 0129 0124 0127 0132 0135 0134 0136 0137 0135 0136 0137 0143 0144 0153 0151 0154 0158 0159 0163 0170 0174 0175 0177 0184 0179 0181 0190 0187 0193 0199 0202 0202 0204 0207 0209 0213 0216 0214 0214 0220 0229 0228 0230 0238 0239 0242 0246 0253 0254 0254 0254 0263 0257 
0013 0017 0012 0020 0013 0014 0018 0020 0020 0025 0028 0029 0031 0033 0041 0048 0046 0048 0049 0050 0051 0056 0058 0064 0069 0073 0071 0073 0075 0080 0084 0086 0094 0097 0096 0098 0106 0104 0098 0100 0102 0105 0108 0113 0122 0124 0125 0125 0126 0135 0136 0136 0131 0139 0133 0134 0143 0146 0144 0145 0146 0147 0152 0154 0157 0165 0170 0175 0179 0178 0186 0185 0180 0181 0183 0186 0191 0200 0202 0204 0205 0207 0210 0211 0212 0213 0219 0221 0227 0233 0234 0238 0240 0241 0244 0245 0246 0253 0255 0256 
0014 0017 0020 0019 0017 0020 0019 0022 0025 0031 0037 0030 0032 0033 0037 0043 0048 0047 0048 0056 0055 0057 0060 0061 0070 0071 0077 0077 0075 0074 0081 0090 0093 0096 0092 0097 0098 0105 0105 0101 0103 0105 0114 0116 0117 0121 0127 0124 0125 0128 0136 0131 0130 0131 0132 0138 0139 0142 0143 0144 0146 0154 0154 0158 0164 0164 0167 0172 0179 0176 0177 0178 0179 0182 0187 0187 0190 0193 0200 0208 0212 0208 0217 0213 0216 0217 0226 0224 0225 0233 0235 0240 0241 0244 0248 0248 0248 0250 0255 0261 
0019 0018 0019 0023 0024 0021 0020 0028 0031 0034 0038 0031 0033 0036 0045 0044 0045 0046 0050 0051 0060 0058 0059 0064 0067 0075 0074 0071 0072 0073 0082 0084 0088 0089 0090 0091 0100 0096 0103 0100 0107 0111 0112 0113 0116 0119 0121 0122 0131 0127 0127 0127 0129 0133 0134 0141 0143 0147 0144 0150 0153 0160 0157 0165 0164 0163 0170 0173 0174 0175 0180 0180 0188 0184 0185 0188 0191 0192 0198 0201 0209 0208 0216 0216 0217 0218 0219 0221 0230 0231 0233 0234 0240 0243 0245 0251 0248 0255 0251 0256 
0021 0019 0022 0025 0029 0026 0021 0022 0030 0035 0036 0033 0034 0037 0041 0042 0043 0045 0046 0055 0055 0063 0059 0063 0071 0068 0071 0070 0078 0076 0083 0092 0088 0092 0097 0092 0093 0094 0096 0097 0101 0110 0113 0112 0110 0112 0115 0117 0124 0123 0124 0126 0128 0133 0134 0135 0144 0142 0145 0148 0150 0151 0155 0164 0161 0161 0166 0170 0178 0178 0179 0184 0192 0187 0188 0189 0195 0201 0199 0202 0204 0207 0213 0216 0225 0219 0223 0223 0228 0237 0239 0240 0243 0248 0243 0245 0247 0248 0249 0250 
0022 0026 0023 0024 0029 0032 0030 0024 0028 0034 0035 0038 0036 0037 0045 0051 0052 0048 0048 0050 0053 0057 0058 0065 0068 0067 0068 0069 0075 0078 0077 0086 0087 0089 0088 0097 0101 0098 0104 0106 0106 0114 0107 0108 0109 0110 0113 0114 0116 0120 0123 0124 0131 0132 0133 0134 0137 0139 0140 0145 0149 0153 0156 0157 0159 0160 0163 0166 0170 0172 0178 0185 0186 0194 0192 0190 0194 0201 0207 0207 0209 0208 0216 0219 0224 0219 0222 0223 0230 0231 0240 0240 0239 0243 0242 0250 0247 0248 0249 0258 
0031 0026 0025 0026 0027 0031 0037 0028 0036 0035 0036 0038 0038 0038 0041 0046 0055 0049 0053 0055 0056 0063 0059 0062 0065 0066 0067 0068 0074 0075 0076 0082 0081 0084 0086 0089 0093 0099 0098 0106 0101 0108 0103 0109 0109 0111 0112 0116 0123 0124 0124 0129 0131 0132 0140 0140 0139 0146 0148 0149 0152 0153 0154 0163 0160 0163 0170 0167 0175 0173 0177 0178 0187 0188 0189 0197 0200 0201 0209 0206 0215 0210 0216 0212 0217 0218 0221 0230 0229 0233 0238 0245 0238 0238 0241 0246 0245 0248 0255 0253 
0035 0035 0026 0027 0032 0033 0032 0029 0030 0037 0037 0043 0045 0046 0043 0052 0048 0049 0056 0058 0065 0062 0061 0063 0064 0066 0075 0075 0075 0083 0077 0078 0079 0082 0087 0088 0090 0091 0093 0097 0099 0100 0102 0103 0104 0105 0114 0116 0119 0124 0127 0129 0134 0133 0138 0139 0140 0143 0147 0149 0151 0159 0158 0161 0163 0165 0169 0173 0182 0174 0178 0184 0186 0192 0191 0193 0196 0197 0200 0205 0214 0219 0214 0211 0217 0218 0221 0222 0224 0228 0231 0237 0236 0234 0236 0241 0243 0248 0252 0249 
0036 0031 0027 0031 0035 0034 0037 0030 0031 0032 0040 0042 0051 0046 0044 0046 0047 0050 0052 0055 0057 0061 0070 0066 0069 0072 0079 0077 0076 0082 0078 0082 0082 0084 0085 0092 0091 0092 0093 0095 0099 0104 0110 0106 0106 0108 0117 0125 0117 0119 0122 0128 0129 0131 0133 0136 0145 0143 0149 0151 0156 0158 0159 0161 0168 0174 0177 0176 0178 0176 0179 0181 0183 0185 0187 0196 0199 0199 0202 0206 0212 0214 0215 0210 0215 0219 0221 0224 0232 0229 0229 0230 0231 0232 0237 0239 0240 0242 0244 0245 
0038 0032 0028 0029 0033 0034 0043 0035 0034 0033 0039 0044 0046 0046 0045 0046 0048 0056 0055 0056 0058 0059 0068 0067 0075 0074 0075 0077 0078 0083 0084 0088 0083 0092 0091 0095 0097 0098 0097 0099 0107 0105 0114 0109 0109 0109 0117 0121 0116 0123 0129 0131 0131 0135 0142 0139 0140 0142 0145 0153 0157 0166 0162 0166 0168 0171 0175 0176 0185 0185 0182 0190 0185 0187 0194 0194 0201 0203 0208 0203 0208 0205 0207 0207 0209 0214 0220 0221 0230 0223 0224 0226 0229 0230 0232 0241 0247 0248 0252 0246 
0033 0031 0030 0037 0040 0036 0045 0039 0035 0038 0047 0045 0053 0054 0048 0048 0051 0053 0054 0055 0061 0062 0071 0071 0074 0075 0084 0084 0085 0084 0089 0091 0091 0100 0093 0100 0102 0101 0100 0107 0112 0109 0110 0110 0110 0110 0111 0112 0115 0124 0129 0126 0133 0136 0142 0140 0143 0144 0153 0155 0156 0157 0160 0163 0169 0178 0176 0179 0180 0181 0188 0181 0184 0191 0190 0191 0192 0201 0206 0202 0202 0203 0204 0205 0211 0214 0217 0219 0221 0222 0223 0231 0230 0231 0238 0242 0243 0240 0246 0248 
0036 0032 0035 0040 0043 0038 0041 0043 0038 0047 0048 0054 0052 0050 0049 0049 0050 0052 0057 0064 0063 0065 0073 0075 0076 0076 0085 0082 0083 0091 0090 0099 0100 0101 0096 0097 0098 0103 0109 0104 0113 0112 0116 0111 0113 0119 0117 0120 0119 0122 0124 0125 0133 0142 0144 0143 0146 0145 0154 0155 0163 0158 0161 0164 0169 0169 0172 0180 0181 0177 0179 0180 0189 0187 0189 0189 0196 0193 0197 0198 0200 0203 0206 0207 0208 0209 0216 0224 0223 0224 0232 0229 0231 0234 0236 0237 0246 0239 0242 0243 
0045 0036 0042 0049 0045 0046 0046 0043 0042 0047 0056 0055 0055 0053 0058 0055 0052 0057 0058 0060 0063 0070 0071 0073 0081 0078 0080 0081 0086 0088 0092 0091 0097 0095 0101 0098 0100 0101 0102 0103 0110 0117 0118 0120 0117 0126 0122 0121 0124 0125 0129 0127 0135 0136 0141 0143 0145 0154 0158 0156 0162 0167 0166 0173 0167 0168 0175 0177 0177 0176 0181 0183 0183 0186 0187 0188 0189 0191 0192 0198 0201 0209 0210 0209 0210 0211 0220 0224 0228 0226 0227 0228 0230 0231 0235 0236 0237 0238 0246 0249 
0044 0039 0045 0046 0049 0049 0047 0050 0043 0046 0048 0055 0062 0054 0060 0061 0059 0063 0060 0067 0072 0072 0073 0074 0075 0083 0082 0082 0083 0086 0087 0088 0094 0093 0094 0095 0104 0101 0103 0107 0109 0113 0119 0117 0122 0122 0121 0127 0126 0128 0129 0134 0140 0142 0143 0145 0146 0147 0153 0154 0156 0162 0164 0165 0166 0167 0171 0172 0173 0175 0176 0177 0182 0190 0190 0194 0190 0192 0198 0204 0204 0205 0206 0215 0212 0215 0220 0229 0228 0228 0229 0230 0231 0233 0234 0235 0238 0241 0243 0250 
0045 0043 0052 0050 0056 0054 0054 0047 0046 0047 0048 0049 0056 0057 0064 0067 0062 0069 0064 0065 0067 0070 0072 0073 0081 0082 0084 0089 0092 0089 0092 0090 0091 0092 0096 0097 0098 0099 0105 0106 0107 0110 0111 0112 0119 0121 0120 0128 0127 0128 0137 0139 0147 0151 0149 0147 0150 0153 0155 0157 0161 0168 0166 0169 0168 0168 0170 0171 0180 0179 0177 0178 0180 0183 0187 0190 0199 0193 0197 0198 0200 0207 0214 0218 0213 0222 0220 0223 0226 0233 0231 0238 0234 0239 0238 0239 0242 0242 0247 0248 
0045 0044 0046 0052 0055 0056 0053 0050 0051 0049 0049 0051 0055 0056 0059 0064 0065 0071 0068 0066 0075 0071 0074 0074 0079 0087 0087 0096 0094 0091 0092 0094 0093 0095 0099 0101 0100 0106 0108 0115 0110 0113 0113 0113 0116 0117 0118 0119 0128 0135 0140 0140 0149 0149 0157 0155 0151 0155 0162 0159 0167 0166 0167 0176 0173 0171 0179 0172 0178 0183 0179 0183 0182 0184 0191 0191 0192 0201 0199 0205 0209 0210 0217 0216 0214 0215 0216 0220 0226 0235 0240 0239 0243 0240 0239 0243 0243 0245 0250 0250 
0052 0053 0055 0055 0059 0063 0059 0054 0053 0054 0058 0056 0060 0065 0066 0069 0074 0077 0070 0071 0073 0074 0077 0082 0084 0085 0087 0090 0099 0100 0093 0100 0096 0096 0097 0100 0101 0103 0105 0112 0119 0115 0115 0117 0117 0126 0119 0128 0131 0139 0140 0140 0143 0148 0151 0155 0150 0151 0153 0157 0159 0162 0165 0169 0176 0172 0173 0179 0183 0187 0186 0184 0185 0185 0192 0197 0193 0195 0198 0205 0204 0210 0208 0213 0214 0220 0217 0224 0229 0230 0234 0243 0236 0237 0240 0243 0243 0247 0245 0249 
0055 0061 0058 0062 0065 0061 0058 0055 0061 0061 0058 0057 0060 0061 0062 0071 0072 0077 0073 0072 0077 0083 0083 0084 0085 0091 0093 0091 0094 0097 0096 0099 0100 0101 0101 0109 0110 0110 0108 0111 0112 0117 0123 0119 0118 0119 0126 0129 0130 0132 0135 0139 0148 0143 0152 0148 0149 0152 0155 0162 0164 0169 0170 0176 0175 0174 0175 0182 0185 0187 0191 0185 0186 0188 0193 0193 0197 0196 0198 0202 0203 0204 0206 0208 0212 0216 0221 0227 0229 0236 0237 0236 0235 0237 0238 0239 0240 0241 0243 0246 
0056 0058 0059 0062 0069 0061 0059 0056 0057 0058 0061 0058 0059 0068 0069 0072 0074 0083 0074 0073 0079 0085 0084 0089 0087 0095 0093 0099 0097 0098 0100 0105 0109 0110 0103 0105 0111 0111 0115 0115 0113 0116 0117 0119 0127 0123 0124 0132 0132 0135 0136 0138 0140 0142 0145 0147 0149 0157 0160 0169 0170 0168 0171 0173 0177 0177 0179 0188 0187 0188 0189 0187 0192 0189 0190 0192 0193 0195 0202 0203 0207 0212 0211 0212 0213 0217 0225 0219 0228 0237 0232 0233 0234 0235 0241 0241 0237 0238 0247 0247 
0057 0066 0063 0063 0065 0069 0062 0057 0061 0066 0060 0059 0068 0070 0071 0072 0073 0074 0076 0074 0081 0085 0093 0088 0089 0090 0091 0095 0096 0105 0103 0112 0116 0111 0104 0107 0112 0119 0118 0124 0115 0118 0124 0127 0135 0131 0127 0136 0133 0134 0135 0136 0137 0144 0151 0150 0154 0157 0160 0161 0164 0167 0172 0175 0181 0185 0188 0197 0196 0189 0191 0188 0192 0191 0196 0193 0194 0197 0200 0202 0209 0210 0212 0212 0216 0214 0216 0218 0219 0228 0225 0230 0237 0239 0240 0235 0236 0243 0246 0252 
0065 0065 0064 0072 0065 0062 0063 0058 0060 0061 0061 0064 0073 0072 0072 0077 0076 0083 0083 0075 0079 0080 0085 0086 0087 0090 0091 0095 0096 0103 0104 0105 0114 0110 0106 0107 0108 0110 0119 0124 0122 0123 0126 0127 0130 0133 0131 0134 0134 0142 0144 0139 0142 0149 0150 0157 0158 0158 0159 0160 0166 0169 0173 0175 0177 0185 0192 0195 0195 0198 0194 0190 0192 0193 0201 0194 0203 0202 0203 0206 0212 0217 0211 0211 0212 0213 0215 0222 0220 0222 0224 0226 0228 0230 0232 0233 0236 0245 0252 0255 
0068 0066 0064 0063 0062 0061 0060 0059 0065 0068 0062 0071 0080 0073 0076 0079 0084 0092 0090 0082 0084 0088 0089 0087 0088 0096 0097 0098 0097 0105 0105 0114 0116 0108 0107 0109 0117 0113 0117 0120 0121 0128 0132 0132 0131 0134 0134 0136 0136 0144 0149 0143 0149 0150 0159 0161 0165 0167 0160 0161 0162 0167 0170 0178 0178 0187 0184 0186 0189 0191 0199 0196 0193 0199 0196 0195 0196 0197 0203 0204 0205 0210 0209 0210 0219 0216 0216 0218 0222 0223 0232 0235 0232 0237 0238 0237 0241 0246 0251 0254 
0067 0066 0065 0069 0066 0070 0062 0062 0071 0077 0068 0072 0075 0075 0084 0079 0080 0088 0089 0088 0087 0094 0095 0088 0096 0104 0098 0107 0101 0102 0111 0113 0122 0116 0108 0110 0111 0112 0113 0114 0123 0124 0132 0131 0135 0137 0132 0141 0140 0146 0150 0145 0150 0155 0163 0168 0160 0162 0161 0167 0165 0174 0179 0183 0181 0182 0183 0184 0186 0193 0196 0195 0200 0198 0197 0199 0199 0199 0207 0213 0206 0207 0208 0214 0219 0218 0218 0219 0228 0224 0225 0234 0235 0243 0240 0246 0246 0254 0260 0261 
0072 0068 0067 0068 0069 0067 0063 0067 0069 0073 0074 0073 0076 0076 0077 0078 0079 0080 0081 0083 0085 0088 0090 0089 0098 0100 0100 0101 0105 0110 0117 0115 0119 0116 0117 0111 0119 0113 0120 0117 0118 0124 0125 0128 0129 0130 0131 0133 0136 0141 0144 0148 0149 0151 0158 0159 0159 0162 0163 0166 0174 0183 0186 0188 0183 0190 0186 0186 0189 0191 0192 0193 0195 0203 0202 0208 0203 0200 0203 0204 0206 0215 0212 0213 0214 0215 0216 0224 0228 0232 0227 0232 0236 0243 0242 0246 0255 0260 0257 0258 
0072 0070 0069 0068 0067 0066 0065 0069 0070 0079 0078 0074 0081 0077 0079 0079 0081 0083 0085 0086 0087 0088 0092 0090 0091 0096 0098 0103 0105 0107 0113 0114 0117 0114 0113 0112 0121 0119 0126 0118 0126 0131 0126 0128 0137 0133 0139 0140 0139 0148 0151 0150 0154 0153 0154 0155 0157 0161 0162 0165 0166 0174 0178 0179 0188 0188 0188 0192 0190 0197 0195 0202 0197 0204 0203 0203 0202 0201 0209 0206 0207 0208 0214 0217 0219 0217 0223 0225 0232 0233 0230 0231 0238 0243 0248 0255 0256 0259 0256 0259 
0081 0076 0070 0070 0070 0070 0070 0072 0072 0074 0082 0075 0080 0080 0082 0083 0090 0085 0094 0091 0088 0089 0094 0093 0093 0098 0100 0101 0107 0114 0116 0118 0120 0120 0117 0121 0125 0120 0124 0123 0124 0132 0135 0131 0132 0136 0139 0140 0140 0144 0145 0151 0152 0153 0155 0156 0158 0167 0166 0167 0167 0172 0181 0181 0182 0183 0187 0188 0190 0198 0196 0197 0198 0199 0200 0209 0204 0204 0209 0207 0211 0217 0215 0216 0219 0218 0221 0225 0229 0235 0233 0234 0241 0245 0252 0251 0251 0253 0254 0257 
0077 0076 0074 0074 0072 0072 0071 0077 0081 0077 0078 0078 0079 0082 0084 0085 0090 0093 0090 0094 0093 0090 0091 0095 0100 0099 0100 0107 0111 0113 0114 0117 0126 0119 0118 0127 0126 0128 0130 0127 0128 0130 0135 0137 0134 0136 0138 0147 0143 0145 0146 0150 0151 0153 0157 0159 0162 0162 0169 0167 0168 0171 0177 0178 0180 0189 0188 0188 0190 0195 0201 0203 0201 0208 0201 0206 0206 0206 0207 0208 0209 0213 0214 0218 0219 0224 0223 0224 0228 0229 0230 0233 0239 0241 0247 0247 0248 0250 0257 0265 
0079 0077 0081 0076 0074 0077 0074 0075 0076 0078 0081 0080 0086 0089 0090 0086 0087 0088 0089 0097 0099 0099 0096 0104 0101 0104 0109 0108 0114 0115 0116 0122 0125 0123 0122 0125 0130 0137 0132 0131 0136 0135 0138 0137 0135 0142 0140 0143 0144 0152 0147 0152 0159 0161 0158 0159 0160 0161 0162 0164 0172 0170 0175 0178 0186 0186 0189 0187 0189 0194 0200 0199 0207 0215 0207 0211 0211 0208 0216 0214 0217 0214 0216 0217 0220 0221 0230 0229 0227 0229 0230 0231 0237 0239 0239 0245 0249 0254 0256 0257 
0084 0084 0082 0078 0075 0076 0075 0083 0083 0080 0081 0082 0084 0089 0097 0095 0093 0096 0092 0093 0094 0101 0097 0103 0103 0104 0105 0107 0115 0122 0117 0125 0125 0124 0123 0129 0132 0135 0133 0139 0138 0137 0140 0140 0137 0139 0141 0146 0145 0146 0154 0160 0162 0166 0163 0162 0163 0162 0169 0166 0167 0168 0170 0173 0178 0181 0184 0181 0182 0191 0197 0198 0204 0212 0210 0214 0217 0216 0222 0221 0225 0220 0221 0219 0228 0222 0224 0225 0226 0228 0231 0232 0233 0236 0238 0239 0247 0252 0261 0260 
0085 0082 0079 0077 0076 0082 0076 0077 0078 0080 0084 0091 0085 0086 0090 0091 0092 0093 0098 0094 0099 0108 0100 0101 0104 0105 0106 0107 0111 0114 0115 0120 0121 0125 0132 0132 0133 0134 0138 0139 0142 0140 0144 0144 0141 0144 0142 0144 0145 0152 0153 0156 0159 0168 0164 0169 0171 0164 0167 0167 0168 0170 0171 0172 0173 0174 0176 0177 0185 0193 0194 0199 0202 0209 0210 0211 0220 0222 0228 0222 0229 0221 0222 0221 0222 0227 0230 0234 0228 0230 0237 0233 0234 0243 0244 0248 0256 0259 0261 0261 
0092 0085 0080 0079 0080 0084 0079 0078 0086 0085 0085 0092 0093 0095 0091 0093 0100 0094 0095 0103 0100 0109 0107 0102 0110 0106 0109 0115 0114 0115 0121 0121 0123 0125 0127 0129 0135 0135 0139 0147 0143 0142 0144 0147 0149 0147 0151 0146 0146 0149 0157 0162 0165 0166 0170 0167 0170 0166 0169 0168 0171 0171 0172 0181 0177 0183 0182 0183 0187 0188 0190 0197 0204 0207 0215 0215 0217 0220 0221 0222 0224 0230 0231 0229 0228 0235 0239 0232 0230 0239 0245 0236 0241 0247 0250 0250 0251 0258 0266 0262 
0085 0082 0081 0082 0085 0093 0088 0087 0089 0086 0089 0094 0095 0094 0093 0094 0095 0095 0104 0107 0101 0110 0105 0103 0106 0112 0114 0118 0118 0116 0120 0125 0126 0126 0129 0134 0135 0136 0137 0145 0144 0150 0149 0148 0149 0148 0150 0150 0154 0151 0152 0157 0160 0163 0165 0166 0174 0168 0172 0170 0174 0174 0173 0174 0177 0178 0185 0184 0185 0186 0187 0194 0202 0211 0217 0214 0216 0218 0223 0224 0230 0239 0238 0232 0229 0232 0234 0235 0232 0240 0243 0239 0242 0251 0252 0253 0257 0259 0262 0270 
0094 0091 0082 0084 0087 0093 0094 0089 0098 0090 0092 0094 0095 0097 0097 0095 0100 0103 0106 0113 0109 0110 0111 0106 0109 0111 0112 0116 0123 0120 0123 0124 0131 0135 0134 0143 0139 0145 0140 0142 0143 0149 0150 0152 0152 0155 0152 0154 0161 0152 0160 0163 0161 0162 0167 0167 0172 0170 0174 0171 0172 0181 0174 0175 0178 0184 0193 0191 0190 0189 0190 0193 0199 0202 0210 0212 0214 0219 0224 0228 0229 0230 0230 0230 0232 0233 0242 0244 0241 0245 0247 0247 0243 0246 0252 0254 0257 0264 0264 0272 
0087 0086 0083 0087 0094 0094 0095 0097 0093 0091 0092 0096 0098 0106 0106 0097 0103 0104 0109 0112 0115 0115 0111 0108 0111 0118 0116 0118 0120 0123 0130 0133 0138 0137 0136 0138 0139 0141 0148 0151 0144 0151 0157 0155 0155 0159 0161 0162 0161 0153 0158 0159 0168 0169 0168 0171 0172 0176 0182 0177 0178 0176 0175 0182 0182 0183 0187 0191 0190 0194 0199 0201 0206 0203 0211 0212 0216 0217 0221 0223 0231 0232 0227 0228 0230 0239 0241 0242 0244 0245 0253 0249 0252 0247 0255 0261 0259 0261 0269 0276 
0088 0091 0085 0089 0092 0094 0097 0096 0094 0099 0093 0094 0098 0103 0109 0106 0112 0110 0117 0117 0118 0115 0113 0109 0110 0112 0117 0119 0123 0128 0129 0132 0134 0137 0137 0142 0143 0143 0145 0152 0145 0152 0153 0154 0162 0161 0162 0168 0160 0156 0158 0159 0160 0164 0170 0175 0173 0182 0183 0178 0183 0178 0179 0181 0182 0183 0186 0187 0189 0197 0203 0202 0205 0206 0210 0211 0212 0213 0215 0223 0223 0224 0225 0228 0235 0237 0242 0250 0247 0246 0254 0258 0253 0253 0258 0262 0267 0264 0267 0269 
0089 0090 0094 0094 0097 0095 0096 0099 0099 0096 0094 0095 0096 0104 0107 0107 0109 0112 0119 0126 0122 0122 0117 0110 0111 0112 0114 0122 0129 0129 0130 0137 0139 0139 0138 0140 0143 0152 0147 0148 0149 0152 0156 0158 0166 0162 0167 0168 0160 0159 0161 0161 0169 0165 0166 0167 0172 0175 0178 0185 0187 0185 0184 0182 0183 0190 0194 0195 0192 0198 0206 0211 0210 0207 0208 0211 0215 0222 0219 0220 0222 0231 0231 0235 0239 0237 0243 0251 0250 0247 0248 0252 0258 0261 0262 0268 0273 0269 0268 0269 
0090 0098 0100 0097 0098 0097 0098 0100 0103 0097 0098 0103 0098 0104 0105 0107 0110 0112 0115 0120 0129 0120 0115 0111 0113 0113 0120 0121 0122 0124 0130 0138 0143 0140 0140 0147 0146 0149 0148 0149 0152 0154 0158 0162 0163 0170 0169 0168 0163 0164 0168 0169 0170 0174 0174 0169 0170 0171 0172 0181 0186 0185 0192 0184 0184 0191 0192 0201 0196 0204 0207 0209 0207 0213 0214 0217 0221 0229 0220 0226 0225 0226 0230 0231 0232 0236 0239 0242 0250 0253 0252 0254 0263 0262 0263 0265 0266 0269 0277 0270 
0093 0094 0096 0098 0099 0100 0099 0101 0104 0106 0099 0105 0101 0104 0112 0114 0114 0121 0118 0121 0129 0124 0120 0114 0121 0116 0122 0122 0124 0133 0131 0138 0139 0146 0148 0149 0155 0155 0150 0156 0159 0155 0163 0166 0169 0170 0173 0169 0166 0172 0177 0170 0172 0173 0175 0170 0172 0176 0176 0179 0180 0182 0188 0189 0187 0188 0189 0192 0193 0198 0206 0206 0206 0207 0208 0210 0219 0224 0226 0228 0227 0231 0237 0238 0234 0241 0244 0246 0247 0249 0255 0259 0265 0263 0265 0268 0273 0270 0271 0275 
0102 0103 0097 0098 0106 0106 0100 0103 0105 0104 0103 0110 0106 0108 0113 0116 0117 0120 0119 0123 0124 0127 0123 0115 0117 0121 0126 0129 0127 0128 0129 0130 0135 0144 0153 0150 0154 0161 0152 0161 0159 0158 0159 0163 0170 0173 0174 0173 0167 0175 0175 0174 0173 0174 0175 0174 0174 0181 0179 0181 0181 0182 0187 0191 0190 0197 0198 0196 0196 0197 0198 0204 0205 0206 0215 0211 0213 0215 0220 0224 0226 0229 0229 0230 0236 0241 0238 0241 0248 0253 0253 0254 0262 0271 0273 0272 0274 0278 0273 0276 
0110 0103 0102 0099 0105 0105 0101 0103 0105 0105 0104 0109 0109 0113 0114 0115 0116 0119 0127 0131 0126 0124 0123 0116 0119 0120 0122 0128 0132 0133 0130 0133 0135 0138 0147 0150 0158 0162 0155 0162 0160 0166 0166 0167 0176 0178 0182 0173 0169 0171 0176 0181 0175 0176 0178 0177 0175 0184 0184 0190 0183 0183 0184 0190 0192 0194 0194 0195 0200 0199 0206 0205 0211 0209 0218 0214 0219 0220 0223 0228 0229 0235 0228 0237 0237 0234 0236 0237 0245 0249 0251 0259 0262 0271 0269 0272 0269 0274 0279 0277 
0105 0104 0108 0105 0106 0106 0108 0107 0106 0110 0110 0110 0116 0122 0115 0117 0118 0119 0123 0128 0124 0123 0121 0119 0122 0123 0123 0124 0130 0132 0132 0135 0136 0137 0140 0144 0153 0161 0157 0164 0161 0162 0163 0172 0179 0179 0180 0178 0170 0177 0184 0182 0177 0184 0180 0184 0176 0181 0183 0188 0185 0184 0186 0188 0189 0192 0193 0195 0199 0201 0206 0210 0214 0211 0213 0214 0216 0217 0219 0221 0225 0226 0227 0230 0232 0233 0239 0246 0248 0249 0251 0252 0257 0265 0266 0267 0268 0270 0277 0278 
0107 0106 0109 0108 0115 0115 0114 0108 0108 0115 0117 0115 0120 0128 0120 0126 0123 0120 0121 0123 0126 0131 0122 0121 0122 0123 0129 0131 0133 0139 0141 0140 0142 0140 0143 0151 0152 0155 0164 0171 0163 0163 0172 0175 0178 0187 0189 0180 0178 0178 0181 0181 0180 0189 0187 0186 0179 0184 0189 0188 0186 0186 0187 0190 0194 0200 0195 0196 0205 0210 0208 0211 0214 0214 0214 0217 0225 0218 0219 0220 0224 0229 0236 0238 0234 0238 0247 0248 0250 0258 0252 0254 0258 0262 0266 0273 0272 0271 0273 0282 
0115 0111 0115 0117 0116 0120 0115 0116 0117 0116 0121 0119 0120 0125 0121 0122 0122 0121 0122 0126 0131 0125 0124 0125 0130 0125 0127 0133 0134 0136 0140 0141 0146 0147 0152 0152 0154 0156 0162 0166 0170 0172 0174 0177 0183 0189 0184 0182 0180 0180 0181 0189 0182 0184 0185 0193 0186 0186 0192 0191 0190 0190 0190 0192 0200 0197 0196 0200 0203 0205 0206 0214 0216 0220 0215 0217 0219 0220 0228 0223 0224 0231 0232 0240 0235 0237 0246 0247 0252 0254 0256 0261 0259 0260 0261 0264 0273 0276 0282 0275 
0120 0115 0116 0118 0119 0117 0116 0118 0123 0118 0125 0127 0122 0123 0130 0124 0128 0122 0126 0135 0131 0128 0126 0133 0130 0129 0128 0129 0134 0142 0142 0148 0147 0150 0152 0153 0161 0163 0160 0161 0162 0168 0173 0175 0181 0188 0188 0183 0187 0183 0182 0189 0185 0186 0193 0193 0188 0188 0189 0193 0192 0194 0199 0197 0198 0200 0197 0199 0208 0206 0210 0217 0217 0220 0223 0221 0223 0221 0223 0225 0231 0235 0231 0233 0238 0244 0246 0248 0253 0262 0263 0262 0261 0261 0265 0267 0271 0272 0273 0274 
0120 0116 0123 0121 0124 0121 0117 0126 0122 0121 0123 0127 0130 0132 0133 0125 0126 0130 0135 0135 0134 0132 0129 0134 0139 0130 0134 0133 0134 0139 0145 0146 0147 0148 0157 0154 0155 0156 0158 0159 0163 0165 0169 0177 0176 0185 0194 0185 0189 0189 0184 0191 0186 0188 0190 0191 0192 0197 0193 0194 0193 0199 0201 0204 0206 0202 0206 0200 0208 0215 0214 0217 0218 0219 0223 0225 0223 0222 0224 0225 0228 0229 0230 0236 0237 0244 0252 0256 0253 0253 0260 0265 0264 0268 0269 0268 0273 0275 0275 0275 
0123 0117 0126 0130 0127 0122 0118 0125 0129 0123 0131 0128 0131 0134 0132 0126 0135 0133 0134 0135 0135 0132 0130 0132 0132 0131 0137 0142 0135 0137 0145 0146 0151 0152 0159 0159 0162 0157 0158 0161 0170 0167 0169 0173 0175 0183 0185 0186 0192 0196 0191 0195 0190 0189 0190 0192 0193 0198 0197 0203 0194 0203 0209 0212 0214 0211 0210 0209 0216 0220 0221 0218 0219 0226 0229 0230 0225 0230 0225 0234 0236 0230 0232 0241 0241 0244 0245 0247 0248 0251 0258 0265 0263 0265 0270 0275 0273 0274 0275 0276 
0124 0119 0124 0124 0127 0123 0127 0126 0128 0125 0127 0135 0136 0143 0134 0127 0133 0134 0139 0136 0136 0140 0131 0132 0141 0132 0139 0146 0144 0141 0143 0145 0149 0151 0155 0159 0162 0163 0160 0161 0162 0168 0175 0177 0176 0177 0181 0189 0190 0191 0194 0194 0191 0198 0191 0193 0196 0205 0198 0200 0203 0211 0212 0213 0218 0212 0211 0210 0217 0224 0220 0219 0220 0223 0226 0230 0233 0227 0226 0229 0231 0232 0239 0240 0244 0247 0249 0249 0251 0254 0259 0261 0262 0264 0265 0266 0267 0272 0279 0285 
0122 0121 0122 0123 0129 0130 0129 0131 0134 0132 0128 0136 0136 0135 0131 0130 0138 0137 0144 0137 0141 0143 0134 0135 0143 0138 0139 0148 0147 0147 0145 0147 0148 0152 0157 0166 0165 0167 0163 0169 0167 0174 0175 0177 0184 0179 0186 0188 0195 0198 0198 0195 0199 0201 0192 0193 0200 0201 0206 0201 0202 0211 0213 0215 0214 0213 0213 0219 0224 0226 0224 0220 0223 0224 0233 0235 0234 0230 0232 0237 0232 0235 0238 0245 0250 0252 0250 0250 0253 0258 0265 0270 0263 0266 0273 0274 0276 0273 0274 0280 
0128 0130 0123 0127 0132 0132 0137 0132 0134 0133 0137 0140 0142 0135 0134 0132 0134 0136 0140 0139 0143 0143 0140 0136 0137 0144 0144 0152 0150 0151 0146 0150 0155 0156 0164 0168 0171 0169 0166 0170 0169 0173 0175 0180 0178 0178 0185 0185 0189 0190 0195 0197 0199 0202 0193 0195 0197 0203 0205 0205 0211 0212 0218 0218 0215 0217 0214 0215 0219 0221 0223 0223 0226 0226 0234 0240 0234 0234 0238 0235 0233 0239 0239 0246 0247 0248 0253 0251 0258 0260 0267 0270 0271 0267 0268 0273 0274 0274 0280 0289 
0129 0137 0130 0128 0129 0137 0137 0133 0134 0134 0136 0138 0139 0142 0140 0137 0143 0141 0144 0147 0146 0145 0148 0142 0138 0142 0146 0146 0147 0154 0151 0156 0158 0160 0162 0163 0165 0172 0168 0169 0170 0171 0172 0174 0175 0177 0178 0184 0187 0189 0194 0196 0198 0201 0197 0196 0197 0202 0205 0214 0212 0215 0219 0221 0216 0221 0218 0219 0220 0221 0224 0231 0230 0227 0228 0236 0233 0236 0237 0236 0234 0235 0237 0246 0253 0252 0255 0257 0260 0261 0263 0269 0270 0271 0269 0270 0273 0277 0279 0287 
0132 0137 0135 0135 0130 0139 0141 0135 0136 0136 0137 0146 0140 0145 0144 0139 0140 0146 0153 0147 0146 0145 0143 0142 0140 0142 0143 0145 0151 0153 0156 0162 0164 0167 0163 0165 0166 0175 0174 0172 0171 0175 0173 0177 0179 0182 0182 0188 0190 0194 0197 0197 0200 0206 0204 0204 0206 0204 0205 0209 0214 0216 0220 0218 0217 0222 0222 0220 0221 0224 0233 0234 0238 0229 0229 0230 0232 0235 0244 0238 0242 0244 0243 0250 0256 0256 0262 0258 0264 0262 0271 0275 0272 0273 0272 0273 0278 0278 0280 0281 
0140 0142 0141 0140 0133 0136 0144 0141 0137 0143 0138 0139 0140 0145 0144 0140 0142 0148 0149 0150 0155 0146 0151 0148 0141 0147 0144 0148 0155 0161 0163 0164 0169 0172 0172 0170 0168 0169 0170 0171 0173 0182 0176 0177 0178 0182 0188 0191 0197 0200 0200 0198 0199 0203 0208 0205 0207 0205 0208 0209 0210 0216 0218 0220 0218 0223 0225 0222 0224 0226 0231 0236 0242 0238 0230 0238 0241 0236 0237 0244 0243 0251 0248 0249 0253 0255 0256 0257 0263 0263 0268 0272 0273 0275 0274 0274 0280 0279 0283 0282 
0143 0150 0142 0138 0134 0136 0137 0138 0145 0141 0139 0148 0143 0147 0145 0144 0148 0157 0153 0151 0152 0152 0145 0144 0142 0143 0150 0151 0154 0162 0163 0166 0167 0168 0170 0171 0170 0170 0174 0173 0177 0180 0178 0178 0179 0188 0189 0193 0199 0200 0204 0207 0205 0205 0206 0212 0209 0212 0217 0216 0211 0217 0218 0219 0219 0221 0230 0223 0226 0231 0233 0236 0237 0241 0232 0235 0236 0238 0246 0245 0244 0251 0257 0254 0254 0256 0257 0262 0264 0272 0276 0274 0274 0275 0276 0280 0289 0285 0291 0287 
0142 0141 0140 0139 0139 0145 0139 0143 0149 0142 0143 0146 0150 0151 0152 0145 0146 0150 0152 0160 0160 0153 0153 0153 0145 0146 0152 0157 0155 0161 0165 0171 0174 0169 0170 0175 0171 0174 0175 0176 0179 0180 0182 0179 0183 0185 0189 0192 0197 0199 0204 0200 0201 0207 0213 0213 0211 0212 0217 0220 0220 0222 0219 0223 0220 0228 0226 0225 0226 0228 0230 0233 0235 0238 0236 0238 0245 0247 0254 0250 0245 0251 0260 0254 0262 0265 0265 0265 0272 0273 0282 0283 0277 0278 0278 0281 0287 0292 0289 0288 
0144 0144 0147 0144 0140 0141 0144 0149 0149 0151 0144 0147 0148 0150 0150 0149 0148 0157 0155 0164 0164 0157 0156 0152 0146 0147 0154 0161 0156 0159 0164 0162 0171 0168 0168 0176 0172 0173 0176 0179 0185 0182 0184 0183 0186 0186 0188 0190 0191 0195 0196 0197 0203 0204 0209 0210 0211 0215 0217 0225 0224 0230 0221 0229 0221 0225 0226 0226 0228 0229 0230 0231 0233 0235 0242 0240 0241 0242 0245 0246 0250 0251 0252 0253 0262 0269 0267 0269 0273 0274 0275 0277 0279 0282 0287 0288 0289 0291 0290 0290 
0145 0145 0149 0148 0143 0142 0144 0147 0148 0152 0153 0151 0151 0152 0154 0153 0151 0152 0156 0157 0160 0152 0150 0148 0147 0148 0150 0155 0156 0157 0160 0161 0164 0166 0167 0169 0170 0171 0176 0178 0179 0186 0191 0184 0187 0195 0191 0194 0196 0199 0205 0203 0204 0210 0213 0216 0220 0224 0221 0222 0227 0226 0223 0224 0227 0228 0228 0228 0236 0230 0234 0235 0234 0239 0240 0244 0245 0248 0247 0254 0254 0252 0260 0255 0257 0266 0269 0278 0281 0276 0276 0279 0281 0283 0292 0289 0291 0299 0291 0291 
0146 0146 0148 0153 0145 0144 0145 0152 0157 0155 0154 0154 0159 0161 0157 0157 0155 0155 0164 0158 0161 0156 0155 0151 0152 0149 0150 0159 0164 0166 0161 0162 0167 0170 0170 0170 0174 0176 0177 0184 0184 0185 0187 0185 0194 0196 0199 0196 0198 0202 0207 0204 0213 0211 0212 0218 0224 0227 0223 0226 0230 0227 0230 0231 0228 0236 0235 0231 0232 0231 0235 0236 0235 0243 0248 0245 0250 0257 0248 0249 0255 0254 0256 0256 0261 0262 0264 0273 0278 0278 0280 0281 0288 0290 0290 0293 0293 0302 0295 0293 
0152 0155 0150 0151 0154 0148 0152 0153 0156 0157 0155 0155 0161 0164 0158 0158 0156 0161 0164 0163 0160 0157 0157 0152 0153 0154 0151 0157 0158 0166 0167 0163 0168 0169 0170 0179 0176 0185 0183 0183 0191 0191 0195 0189 0190 0197 0194 0198 0204 0203 0204 0205 0212 0212 0221 0222 0231 0232 0232 0230 0231 0230 0231 0235 0232 0233 0236 0234 0233 0232 0235 0244 0236 0237 0245 0251 0258 0264 0257 0257 0264 0263 0257 0262 0269 0267 0271 0273 0274 0278 0279 0280 0289 0287 0289 0294 0294 0302 0296 0294 
0155 0156 0158 0156 0150 0149 0151 0152 0161 0157 0156 0162 0167 0160 0159 0162 0163 0162 0163 0162 0167 0158 0158 0153 0154 0156 0158 0161 0159 0160 0163 0171 0177 0171 0172 0173 0175 0176 0177 0178 0187 0195 0196 0190 0191 0192 0193 0201 0205 0204 0207 0207 0213 0213 0214 0218 0226 0228 0232 0237 0232 0233 0233 0236 0233 0234 0241 0239 0236 0236 0237 0241 0241 0244 0250 0255 0264 0270 0264 0260 0261 0264 0265 0265 0266 0268 0272 0276 0282 0279 0284 0284 0285 0286 0287 0291 0300 0307 0300 0295 
0162 0155 0153 0152 0151 0153 0154 0156 0159 0159 0158 0159 0160 0161 0165 0164 0171 0163 0170 0161 0160 0159 0160 0157 0155 0159 0159 0161 0167 0168 0167 0171 0173 0179 0176 0174 0175 0176 0181 0185 0189 0193 0195 0198 0195 0201 0194 0197 0204 0205 0206 0208 0209 0212 0221 0226 0231 0222 0231 0234 0235 0242 0237 0237 0242 0239 0240 0242 0240 0238 0238 0247 0242 0246 0253 0256 0257 0264 0262 0261 0266 0265 0268 0268 0275 0276 0274 0275 0278 0279 0288 0286 0289 0293 0288 0292 0296 0304 0304 0304 
0157 0156 0156 0153 0152 0153 0156 0157 0163 0161 0159 0168 0166 0170 0166 0166 0165 0164 0166 0169 0162 0166 0165 0163 0161 0160 0163 0166 0169 0174 0168 0175 0176 0178 0177 0178 0179 0179 0180 0184 0188 0192 0199 0199 0200 0201 0197 0198 0203 0209 0207 0209 0211 0220 0217 0218 0224 0221 0225 0233 0238 0239 0242 0240 0241 0247 0244 0251 0249 0240 0242 0244 0248 0252 0255 0256 0265 0265 0263 0266 0268 0268 0276 0269 0270 0271 0272 0277 0278 0280 0284 0287 0292 0298 0289 0292 0295 0303 0306 0307 
0159 0158 0162 0154 0155 0158 0157 0159 0163 0161 0160 0161 0170 0171 0171 0167 0166 0168 0168 0172 0167 0167 0174 0169 0164 0168 0165 0166 0167 0175 0175 0181 0179 0179 0178 0182 0180 0180 0184 0190 0195 0194 0203 0208 0205 0208 0205 0205 0211 0216 0208 0213 0212 0213 0214 0216 0217 0219 0221 0230 0233 0238 0237 0242 0246 0247 0243 0245 0243 0242 0243 0246 0247 0255 0264 0262 0261 0262 0263 0265 0266 0267 0268 0270 0271 0275 0275 0280 0280 0284 0290 0289 0290 0293 0293 0293 0298 0299 0300 0302 
0165 0164 0158 0157 0164 0159 0158 0164 0169 0167 0161 0163 0168 0173 0172 0173 0167 0168 0169 0174 0168 0168 0169 0178 0172 0171 0167 0167 0168 0172 0178 0186 0186 0180 0181 0186 0188 0187 0185 0191 0193 0195 0197 0199 0200 0201 0202 0204 0210 0211 0216 0214 0214 0221 0218 0224 0219 0226 0225 0226 0227 0232 0233 0235 0239 0240 0241 0242 0247 0243 0252 0249 0256 0256 0263 0262 0260 0266 0265 0274 0272 0276 0275 0271 0275 0282 0280 0285 0283 0286 0288 0291 0298 0296 0295 0301 0299 0304 0305 0303 
0163 0162 0159 0161 0169 0162 0166 0173 0174 0170 0162 0166 0172 0172 0173 0180 0176 0170 0171 0172 0176 0177 0177 0182 0173 0180 0171 0168 0173 0173 0175 0181 0182 0184 0183 0185 0186 0187 0187 0189 0191 0199 0200 0208 0208 0210 0211 0206 0213 0213 0214 0219 0222 0230 0227 0226 0220 0221 0223 0224 0225 0230 0235 0234 0235 0237 0238 0246 0250 0246 0254 0254 0255 0256 0257 0258 0259 0267 0266 0269 0273 0274 0281 0275 0276 0277 0281 0283 0291 0292 0290 0296 0297 0301 0303 0309 0300 0305 0311 0304 
0164 0163 0167 0165 0167 0163 0167 0168 0169 0169 0165 0167 0169 0171 0174 0182 0173 0171 0173 0177 0180 0178 0183 0180 0179 0179 0176 0170 0171 0176 0182 0182 0187 0186 0185 0194 0190 0192 0188 0191 0193 0196 0199 0202 0209 0210 0214 0215 0214 0216 0215 0223 0226 0232 0228 0228 0224 0229 0230 0225 0229 0230 0231 0232 0237 0238 0247 0248 0251 0251 0255 0256 0257 0262 0263 0259 0266 0275 0274 0276 0274 0282 0282 0282 0277 0281 0284 0292 0293 0295 0291 0294 0297 0300 0304 0304 0301 0303 0312 0310 
0173 0166 0167 0166 0172 0164 0170 0171 0175 0170 0168 0175 0174 0173 0176 0179 0177 0175 0177 0178 0182 0179 0188 0188 0180 0184 0185 0176 0172 0175 0176 0184 0190 0187 0186 0192 0198 0199 0190 0194 0201 0205 0200 0202 0204 0206 0212 0217 0216 0224 0224 0229 0227 0228 0232 0230 0229 0237 0236 0228 0230 0234 0236 0233 0235 0242 0245 0248 0251 0252 0253 0255 0256 0260 0264 0267 0275 0273 0275 0276 0280 0283 0285 0281 0278 0281 0287 0291 0295 0295 0292 0293 0299 0303 0310 0305 0304 0308 0309 0311 
0174 0173 0168 0168 0177 0172 0174 0172 0176 0172 0174 0176 0181 0182 0183 0188 0181 0179 0180 0183 0188 0180 0183 0192 0184 0191 0192 0183 0179 0176 0178 0181 0189 0189 0192 0193 0198 0198 0191 0200 0208 0206 0209 0203 0210 0207 0211 0219 0217 0219 0222 0227 0227 0233 0231 0234 0238 0241 0238 0229 0231 0239 0242 0240 0242 0243 0244 0247 0251 0252 0254 0255 0264 0268 0265 0266 0269 0270 0275 0276 0279 0282 0289 0285 0281 0286 0292 0297 0300 0297 0301 0299 0300 0301 0305 0312 0308 0311 0316 0317 
0175 0176 0169 0176 0177 0175 0176 0173 0174 0180 0175 0182 0189 0187 0189 0189 0182 0181 0182 0190 0189 0187 0184 0187 0187 0194 0198 0192 0187 0178 0180 0183 0188 0191 0192 0198 0197 0196 0193 0194 0199 0202 0211 0209 0212 0209 0214 0219 0222 0225 0223 0224 0225 0227 0228 0237 0241 0233 0232 0231 0232 0239 0242 0241 0243 0251 0246 0247 0248 0255 0255 0257 0258 0259 0268 0274 0273 0278 0272 0276 0278 0280 0286 0284 0282 0283 0291 0292 0297 0301 0305 0301 0307 0306 0314 0317 0316 0320 0323 0324 
0176 0184 0175 0180 0182 0176 0177 0180 0175 0178 0178 0179 0180 0182 0191 0195 0186 0190 0183 0184 0185 0194 0192 0190 0188 0196 0194 0191 0184 0183 0186 0186 0188 0190 0196 0197 0206 0197 0198 0198 0202 0210 0213 0209 0216 0215 0220 0220 0221 0228 0225 0232 0226 0235 0231 0232 0241 0237 0239 0236 0239 0243 0249 0242 0244 0246 0248 0248 0257 0260 0256 0259 0259 0262 0265 0268 0269 0270 0271 0272 0281 0281 0282 0285 0285 0289 0292 0301 0301 0308 0312 0303 0311 0314 0315 0319 0321 0321 0323 0332 
0177 0186 0177 0182 0181 0180 0180 0187 0181 0185 0186 0186 0189 0190 0199 0196 0187 0189 0190 0185 0186 0195 0194 0199 0194 0196 0201 0193 0189 0191 0189 0187 0190 0191 0197 0203 0205 0206 0199 0200 0204 0205 0206 0208 0211 0217 0226 0227 0222 0228 0233 0231 0227 0228 0233 0237 0238 0239 0239 0238 0243 0244 0246 0244 0253 0255 0253 0257 0258 0262 0265 0266 0264 0264 0267 0269 0274 0271 0278 0277 0278 0280 0288 0289 0292 0293 0294 0300 0303 0306 0307 0312 0319 0323 0316 0322 0322 0322 0325 0327 
0181 0185 0186 0191 0183 0186 0187 0187 0186 0188 0193 0187 0194 0192 0197 0197 0192 0195 0191 0192 0189 0198 0196 0197 0200 0204 0196 0193 0190 0193 0190 0196 0192 0194 0196 0200 0205 0206 0206 0206 0207 0208 0213 0209 0210 0218 0221 0222 0226 0235 0239 0237 0235 0230 0231 0236 0237 0240 0243 0240 0243 0246 0251 0247 0254 0255 0258 0258 0259 0260 0263 0264 0271 0269 0276 0270 0275 0273 0279 0281 0280 0283 0285 0286 0287 0292 0299 0300 0308 0315 0311 0312 0313 0318 0317 0318 0326 0323 0331 0334 
0187 0190 0193 0193 0184 0186 0190 0188 0194 0191 0194 0196 0200 0201 0199 0202 0199 0196 0195 0196 0190 0195 0196 0203 0206 0201 0198 0197 0196 0197 0194 0195 0193 0197 0202 0209 0211 0212 0210 0213 0214 0211 0215 0213 0211 0217 0221 0228 0231 0236 0238 0236 0234 0232 0232 0235 0236 0241 0246 0241 0242 0243 0246 0251 0260 0259 0267 0260 0262 0262 0264 0265 0267 0271 0273 0272 0274 0274 0278 0280 0283 0292 0289 0289 0288 0297 0306 0302 0305 0306 0308 0310 0313 0321 0320 0325 0330 0324 0326 0327 
0196 0194 0194 0192 0190 0194 0193 0190 0195 0197 0197 0198 0207 0205 0205 0199 0197 0196 0195 0192 0191 0194 0201 0203 0204 0206 0206 0202 0202 0205 0203 0199 0202 0198 0199 0205 0208 0216 0213 0218 0215 0214 0216 0215 0213 0219 0221 0224 0233 0236 0238 0239 0235 0234 0235 0244 0241 0243 0246 0245 0243 0252 0250 0255 0262 0262 0263 0261 0264 0263 0264 0265 0268 0269 0271 0273 0275 0276 0279 0280 0289 0291 0290 0290 0292 0297 0298 0303 0309 0314 0311 0316 0314 0318 0320 0323 0324 0327 0327 0330 
0197 0195 0199 0197 0196 0203 0194 0193 0198 0203 0198 0202 0204 0208 0203 0199 0197 0196 0194 0193 0194 0195 0198 0203 0204 0211 0208 0211 0205 0208 0205 0206 0202 0201 0208 0208 0209 0210 0212 0214 0219 0217 0217 0216 0218 0219 0220 0223 0230 0237 0246 0244 0243 0237 0238 0239 0246 0245 0246 0250 0246 0249 0255 0262 0266 0264 0265 0262 0271 0266 0272 0269 0270 0277 0278 0275 0277 0277 0278 0280 0281 0289 0290 0299 0299 0306 0300 0301 0302 0306 0313 0314 0315 0316 0324 0326 0325 0327 0336 0336 
0199 0198 0199 0203 0198 0207 0200 0197 0198 0199 0207 0206 0205 0211 0205 0202 0201 0200 0196 0194 0196 0202 0202 0203 0211 0213 0213 0218 0209 0209 0210 0212 0203 0203 0212 0217 0211 0212 0221 0218 0219 0226 0218 0217 0223 0223 0229 0232 0231 0234 0240 0241 0243 0238 0240 0247 0252 0250 0250 0251 0247 0252 0261 0262 0270 0269 0271 0265 0267 0271 0276 0272 0274 0280 0285 0277 0286 0278 0283 0282 0284 0285 0293 0295 0298 0306 0305 0308 0303 0306 0315 0321 0323 0317 0323 0328 0326 0327 0329 0331 
0208 0199 0203 0208 0204 0206 0204 0198 0201 0206 0208 0214 0206 0208 0208 0208 0204 0205 0201 0196 0205 0208 0204 0204 0209 0214 0214 0216 0216 0213 0216 0207 0206 0211 0220 0219 0215 0219 0222 0219 0222 0220 0219 0218 0222 0223 0225 0232 0238 0241 0241 0242 0246 0240 0241 0242 0244 0245 0246 0247 0248 0252 0261 0265 0271 0277 0268 0267 0268 0270 0272 0279 0280 0282 0288 0285 0289 0281 0282 0287 0286 0287 0294 0295 0300 0301 0309 0304 0304 0309 0318 0315 0316 0322 0323 0326 0325 0332 0336 0338 
0204 0201 0203 0207 0204 0203 0201 0199 0202 0204 0206 0209 0215 0217 0209 0216 0212 0207 0203 0205 0206 0212 0211 0210 0211 0216 0215 0222 0215 0214 0214 0208 0211 0212 0218 0221 0216 0222 0223 0228 0223 0222 0221 0227 0229 0231 0229 0237 0239 0248 0247 0244 0245 0241 0242 0243 0244 0249 0247 0248 0251 0255 0256 0257 0266 0275 0273 0270 0276 0271 0275 0282 0282 0284 0285 0293 0291 0287 0287 0288 0288 0290 0291 0294 0299 0300 0301 0302 0305 0307 0309 0310 0314 0315 0316 0319 0323 0332 0333 0340 
0210 0206 0211 0209 0207 0206 0201 0200 0201 0208 0210 0217 0215 0212 0211 0217 0215 0211 0204 0207 0207 0215 0214 0214 0220 0219 0216 0225 0219 0221 0214 0213 0215 0213 0214 0215 0216 0225 0224 0231 0227 0226 0223 0225 0226 0233 0236 0237 0244 0252 0249 0250 0246 0243 0244 0249 0245 0248 0250 0254 0256 0258 0263 0263 0265 0274 0275 0271 0273 0275 0276 0277 0279 0284 0293 0294 0297 0294 0288 0289 0291 0291 0293 0297 0300 0301 0302 0311 0310 0308 0309 0311 0318 0324 0320 0320 0324 0327 0330 0331 
0216 0210 0212 0212 0216 0208 0203 0207 0204 0206 0208 0214 0215 0219 0213 0217 0218 0215 0212 0208 0210 0216 0217 0222 0222 0228 0222 0223 0220 0221 0218 0217 0222 0215 0219 0218 0225 0227 0225 0233 0229 0229 0227 0228 0235 0242 0238 0241 0243 0250 0255 0248 0247 0252 0248 0250 0248 0252 0253 0262 0258 0259 0268 0264 0268 0271 0273 0278 0282 0282 0282 0286 0286 0286 0293 0294 0297 0298 0297 0294 0294 0299 0300 0298 0300 0301 0304 0313 0312 0314 0311 0312 0319 0322 0323 0322 0325 0334 0333 0340 
0221 0219 0221 0216 0211 0207 0206 0208 0206 0214 0209 0212 0216 0222 0216 0219 0225 0219 0213 0216 0211 0213 0220 0221 0222 0223 0223 0226 0226 0230 0223 0223 0225 0221 0223 0223 0228 0230 0228 0236 0230 0235 0228 0229 0237 0237 0243 0243 0247 0248 0249 0249 0248 0257 0252 0259 0257 0258 0256 0262 0266 0268 0266 0265 0273 0271 0273 0276 0277 0285 0288 0290 0287 0294 0294 0301 0298 0306 0300 0296 0300 0303 0303 0300 0305 0302 0303 0306 0311 0314 0312 0313 0316 0319 0320 0329 0326 0333 0338 0335 
0221 0220 0221 0215 0214 0212 0207 0209 0212 0215 0212 0216 0218 0220 0220 0222 0228 0222 0214 0216 0213 0214 0218 0224 0230 0228 0231 0227 0233 0226 0224 0229 0228 0223 0224 0232 0234 0234 0229 0238 0231 0235 0229 0231 0233 0236 0240 0241 0247 0249 0256 0255 0253 0255 0253 0261 0261 0260 0264 0263 0264 0265 0266 0266 0268 0270 0274 0275 0278 0284 0292 0288 0288 0290 0298 0299 0300 0305 0305 0299 0305 0304 0303 0301 0307 0308 0304 0305 0314 0315 0314 0315 0318 0320 0328 0331 0331 0334 0331 0334 
0223 0221 0226 0218 0213 0212 0209 0210 0212 0213 0213 0214 0215 0221 0228 0224 0230 0221 0215 0217 0218 0223 0224 0229 0236 0232 0233 0231 0229 0228 0225 0227 0229 0227 0233 0237 0242 0234 0233 0234 0233 0241 0233 0232 0237 0238 0239 0244 0253 0257 0264 0257 0259 0263 0260 0261 0262 0261 0262 0266 0265 0274 0268 0269 0270 0276 0277 0278 0280 0281 0283 0286 0287 0289 0290 0298 0299 0300 0301 0301 0306 0312 0308 0308 0309 0309 0309 0313 0318 0321 0319 0316 0325 0321 0323 0325 0326 0329 0330 0334 
0225 0229 0223 0222 0215 0214 0214 0214 0213 0214 0220 0222 0217 0223 0225 0228 0226 0222 0224 0224 0219 0223 0225 0232 0234 0236 0242 0234 0232 0232 0232 0229 0234 0228 0233 0238 0244 0238 0239 0235 0238 0237 0235 0233 0238 0240 0248 0247 0248 0257 0261 0255 0257 0258 0263 0263 0263 0269 0264 0266 0268 0276 0270 0273 0279 0277 0279 0282 0281 0282 0283 0290 0288 0289 0294 0295 0302 0304 0305 0309 0315 0310 0309 0309 0312 0318 0310 0312 0313 0322 0321 0317 0320 0327 0324 0325 0326 0330 0332 0335 
0226 0231 0230 0228 0219 0216 0215 0217 0216 0221 0221 0227 0226 0231 0227 0229 0231 0226 0230 0227 0223 0224 0232 0233 0240 0238 0246 0239 0237 0233 0239 0238 0237 0230 0233 0241 0240 0239 0244 0236 0239 0239 0239 0237 0240 0244 0251 0246 0254 0249 0256 0250 0257 0263 0265 0264 0265 0269 0267 0267 0268 0269 0275 0274 0275 0278 0282 0285 0289 0283 0284 0293 0297 0297 0296 0298 0300 0303 0305 0310 0313 0311 0313 0310 0312 0314 0311 0316 0321 0323 0325 0326 0329 0336 0328 0326 0335 0332 0333 0336 
0229 0232 0239 0230 0223 0219 0218 0222 0225 0225 0224 0226 0227 0231 0233 0232 0237 0232 0235 0232 0224 0228 0237 0234 0236 0239 0243 0236 0235 0234 0243 0235 0234 0233 0240 0248 0243 0242 0246 0238 0240 0241 0240 0238 0239 0240 0242 0244 0245 0246 0247 0249 0258 0266 0269 0265 0269 0274 0275 0275 0276 0270 0271 0274 0283 0281 0286 0292 0289 0284 0286 0289 0291 0292 0298 0301 0301 0304 0308 0309 0312 0319 0320 0315 0316 0314 0312 0317 0324 0323 0322 0327 0333 0334 0333 0328 0336 0333 0342 0339 
0232 0233 0233 0229 0227 0226 0219 0220 0224 0227 0226 0229 0231 0233 0235 0233 0236 0230 0229 0226 0225 0231 0235 0235 0237 0241 0246 0238 0239 0238 0239 0242 0242 0240 0242 0247 0250 0247 0240 0239 0240 0242 0241 0239 0240 0247 0248 0247 0250 0249 0256 0252 0253 0261 0269 0263 0265 0266 0268 0269 0271 0275 0272 0274 0279 0284 0286 0294 0288 0285 0289 0290 0291 0292 0298 0299 0301 0304 0313 0310 0312 0317 0325 0316 0318 0315 0315 0318 0319 0320 0321 0329 0330 0331 0332 0331 0336 0340 0344 0342 
0235 0241 0239 0230 0228 0228 0228 0227 0230 0228 0230 0236 0235 0238 0236 0235 0244 0238 0236 0229 0231 0234 0243 0237 0245 0243 0243 0241 0241 0246 0242 0243 0247 0241 0248 0251 0251 0251 0244 0240 0241 0244 0246 0240 0241 0245 0249 0248 0249 0254 0257 0254 0254 0259 0260 0262 0263 0267 0269 0272 0272 0275 0275 0277 0281 0284 0285 0289 0289 0286 0288 0290 0291 0300 0301 0306 0302 0306 0308 0311 0316 0323 0318 0317 0321 0317 0320 0319 0320 0321 0323 0332 0338 0339 0340 0336 0338 0343 0348 0345 
0240 0239 0234 0230 0229 0237 0233 0230 0231 0234 0236 0239 0236 0240 0237 0241 0243 0243 0238 0231 0236 0235 0238 0246 0248 0244 0250 0249 0244 0246 0244 0245 0246 0250 0252 0255 0253 0247 0243 0242 0245 0252 0247 0248 0250 0250 0250 0250 0252 0259 0258 0258 0262 0263 0269 0271 0268 0268 0277 0273 0279 0280 0277 0279 0280 0288 0287 0290 0292 0291 0292 0292 0297 0299 0303 0311 0303 0312 0312 0319 0320 0328 0319 0318 0319 0319 0328 0325 0329 0329 0327 0328 0329 0338 0339 0341 0347 0344 0345 0350 
0244 0238 0237 0235 0233 0234 0238 0233 0233 0239 0242 0243 0241 0240 0239 0244 0240 0239 0235 0233 0234 0236 0245 0248 0250 0252 0254 0254 0245 0253 0245 0254 0247 0250 0251 0251 0250 0249 0250 0248 0254 0256 0249 0254 0252 0253 0251 0253 0261 0263 0259 0259 0262 0269 0278 0275 0272 0272 0278 0277 0283 0288 0279 0280 0286 0288 0293 0294 0294 0297 0295 0301 0300 0300 0302 0308 0308 0309 0318 0321 0322 0322 0321 0321 0320 0325 0327 0332 0336 0332 0335 0332 0330 0334 0339 0340 0349 0348 0346 0351 
0247 0240 0241 0236 0242 0235 0236 0235 0242 0241 0244 0248 0245 0247 0244 0250 0241 0241 0238 0242 0235 0240 0242 0243 0244 0245 0248 0252 0253 0253 0252 0257 0256 0255 0254 0252 0256 0250 0259 0256 0257 0255 0252 0253 0260 0257 0259 0254 0255 0262 0260 0267 0269 0271 0280 0276 0279 0273 0276 0277 0278 0281 0281 0282 0286 0288 0297 0297 0295 0300 0302 0307 0308 0303 0307 0315 0314 0311 0319 0317 0319 0327 0322 0324 0328 0326 0329 0330 0336 0337 0336 0337 0334 0337 0338 0343 0346 0354 0348 0349 
0245 0244 0243 0245 0239 0236 0240 0236 0240 0249 0245 0247 0254 0249 0253 0246 0250 0246 0238 0237 0236 0237 0238 0239 0244 0248 0251 0250 0259 0254 0253 0255 0260 0262 0254 0253 0262 0258 0260 0257 0259 0260 0253 0260 0268 0264 0261 0261 0264 0264 0261 0262 0271 0279 0275 0281 0281 0274 0280 0283 0280 0282 0282 0288 0293 0289 0295 0299 0296 0297 0298 0306 0307 0304 0306 0307 0308 0316 0314 0315 0316 0322 0323 0324 0331 0333 0336 0339 0341 0340 0345 0338 0338 0342 0339 0348 0350 0357 0349 0358 
0254 0248 0247 0251 0246 0243 0239 0238 0239 0241 0242 0249 0254 0257 0254 0245 0244 0243 0239 0238 0240 0238 0241 0242 0244 0245 0246 0248 0256 0263 0254 0255 0261 0261 0256 0254 0263 0259 0261 0257 0256 0255 0254 0263 0272 0273 0267 0262 0268 0269 0270 0269 0272 0273 0274 0276 0282 0275 0276 0277 0283 0286 0284 0286 0295 0294 0299 0299 0297 0302 0306 0314 0308 0309 0312 0308 0309 0310 0311 0313 0322 0324 0324 0325 0326 0329 0330 0331 0332 0336 0342 0340 0339 0344 0343 0350 0353 0354 0358 0358 
0255 0253 0249 0250 0254 0246 0240 0239 0242 0242 0250 0256 0255 0257 0250 0248 0247 0244 0247 0242 0243 0242 0245 0244 0245 0254 0247 0255 0260 0255 0259 0256 0261 0263 0265 0260 0265 0260 0269 0262 0262 0256 0255 0256 0264 0265 0269 0270 0276 0271 0278 0278 0276 0275 0275 0281 0277 0276 0281 0281 0287 0289 0293 0294 0300 0297 0302 0302 0298 0300 0304 0306 0313 0309 0310 0315 0318 0313 0312 0314 0315 0323 0331 0334 0329 0331 0338 0338 0337 0337 0340 0346 0341 0347 0345 0349 0353 0354 0355 0356 
0262 0254 0254 0252 0249 0250 0241 0240 0242 0243 0244 0249 0255 0259 0250 0249 0248 0253 0249 0250 0244 0244 0245 0245 0247 0250 0248 0251 0253 0254 0255 0256 0259 0266 0263 0261 0265 0261 0263 0270 0263 0262 0258 0258 0267 0267 0273 0278 0280 0275 0277 0278 0278 0279 0278 0279 0278 0280 0283 0285 0286 0287 0290 0299 0304 0298 0302 0308 0299 0302 0303 0304 0307 0308 0317 0316 0317 0318 0319 0315 0324 0329 0330 0332 0330 0338 0341 0344 0340 0341 0348 0353 0347 0354 0347 0349 0355 0360 0356 0361 
0262 0255 0258 0249 0248 0246 0244 0246 0251 0247 0245 0254 0253 0252 0251 0250 0253 0255 0253 0248 0247 0245 0248 0246 0247 0249 0251 0253 0258 0262 0262 0261 0260 0261 0264 0270 0267 0270 0264 0273 0264 0260 0259 0259 0261 0262 0269 0270 0276 0273 0281 0285 0287 0283 0281 0286 0287 0289 0284 0287 0289 0292 0298 0306 0307 0299 0300 0303 0301 0302 0305 0307 0310 0311 0320 0319 0318 0322 0321 0319 0328 0334 0335 0334 0332 0333 0342 0343 0344 0343 0351 0353 0353 0354 0353 0351 0352 0357 0360 0361 
0258 0254 0251 0250 0257 0254 0245 0253 0251 0248 0247 0249 0258 0253 0253 0254 0258 0255 0251 0249 0247 0246 0253 0252 0248 0254 0252 0253 0254 0256 0257 0266 0261 0263 0270 0278 0276 0270 0265 0272 0265 0269 0261 0260 0263 0267 0268 0269 0271 0272 0276 0277 0280 0284 0282 0287 0291 0289 0285 0290 0294 0297 0303 0302 0301 0300 0301 0302 0307 0306 0310 0310 0316 0312 0316 0325 0327 0326 0323 0323 0331 0340 0342 0343 0334 0335 0342 0346 0345 0345 0347 0349 0352 0357 0354 0352 0353 0354 0363 0363 
0259 0263 0256 0255 0257 0255 0250 0253 0253 0256 0248 0256 0258 0254 0262 0261 0259 0262 0253 0251 0256 0247 0250 0259 0251 0252 0256 0254 0255 0264 0258 0261 0262 0270 0271 0274 0275 0270 0268 0267 0266 0267 0263 0269 0264 0265 0273 0271 0278 0275 0277 0279 0281 0282 0283 0284 0291 0296 0288 0295 0300 0303 0307 0307 0301 0302 0303 0303 0306 0307 0316 0319 0320 0313 0317 0324 0329 0326 0324 0332 0333 0337 0340 0342 0341 0340 0345 0346 0347 0346 0347 0350 0353 0356 0355 0354 0357 0359 0361 0366 
0261 0261 0258 0262 0259 0261 0258 0254 0253 0251 0250 0254 0262 0256 0263 0263 0264 0257 0256 0253 0254 0250 0252 0260 0253 0256 0256 0255 0257 0263 0260 0269 0267 0274 0276 0275 0281 0274 0277 0272 0269 0274 0265 0274 0268 0267 0268 0269 0277 0277 0279 0281 0282 0283 0288 0287 0295 0294 0290 0291 0295 0297 0298 0299 0300 0309 0304 0308 0315 0309 0311 0315 0323 0322 0326 0326 0331 0326 0325 0334 0338 0345 0349 0343 0350 0341 0342 0346 0348 0355 0352 0351 0353 0354 0355 0355 0358 0367 0362 0363 