000 001 007 010 017 022 023 030 034 036 038 040 047 051 059 065 061 069 074 076 077 080 087 087 096 103 102 111 108 102 106 110 118 119 119 127 129 129 136 141 146 151 151 158 159 168 173 170 178 182 
001 004 012 011 014 021 023 029 032 034 036 040 049 051 055 061 059 066 070 073 074 079 079 082 087 096 099 107 107 098 102 108 109 113 119 119 125 134 134 139 144 151 151 154 161 162 169 169 170 176 
003 004 007 013 018 019 020 023 025 033 036 038 042 049 053 053 055 059 062 071 071 074 079 087 090 091 094 099 098 094 099 103 109 118 126 123 127 133 138 134 140 144 149 149 158 163 168 175 176 176 
006 010 016 017 026 022 021 026 031 038 040 045 042 047 047 051 053 059 066 062 067 075 076 082 083 088 091 094 098 094 099 108 110 117 119 125 123 131 136 133 139 139 142 150 153 160 165 174 171 174 
013 014 020 020 024 023 028 027 028 029 037 042 049 048 051 051 059 058 060 062 071 076 081 079 083 084 090 087 090 093 093 100 109 115 120 122 119 123 127 131 132 140 140 147 155 160 161 166 171 176 
014 017 018 027 025 025 033 028 031 036 038 042 044 044 046 049 058 056 060 067 065 070 073 074 077 081 081 084 089 098 097 103 107 109 113 118 119 123 129 129 134 141 145 148 153 159 161 166 173 174 
015 018 023 032 034 026 028 032 033 034 036 040 046 044 044 046 049 054 057 059 062 067 074 075 076 079 083 089 093 096 100 106 114 111 113 117 122 129 134 133 138 145 154 151 154 159 165 173 179 179 
018 019 021 026 030 028 029 035 036 043 040 042 045 050 049 049 051 058 061 059 064 067 071 078 082 083 085 093 098 097 103 107 112 119 120 122 126 135 140 135 142 147 153 160 162 165 170 170 177 180 
019 021 030 029 030 031 037 040 038 039 041 044 044 048 050 053 060 064 064 061 064 068 069 074 077 082 082 089 093 096 100 105 107 113 117 123 124 132 137 139 144 150 153 160 165 172 172 179 183 185 
021 024 025 026 035 035 039 044 046 040 043 047 046 048 048 053 058 064 072 063 067 072 072 075 076 082 088 095 093 096 101 107 111 115 117 124 131 139 138 142 148 155 158 163 166 174 180 184 185 190 
023 025 032 030 038 041 041 049 048 043 046 049 054 053 057 060 061 070 073 067 071 075 081 081 076 084 088 088 095 100 105 110 110 117 118 127 132 133 141 145 151 157 157 165 167 167 173 175 184 191 
025 029 038 032 036 044 045 052 054 046 049 054 054 056 061 069 066 074 080 071 075 081 082 085 082 082 088 097 095 100 105 112 112 117 124 125 132 132 133 139 145 153 156 162 170 169 177 176 178 185 
028 030 034 039 042 044 046 050 053 055 053 056 059 064 068 071 069 074 075 071 076 080 086 094 090 086 090 096 100 101 107 112 119 117 126 130 135 139 139 141 148 154 162 163 163 169 175 183 185 188 
032 037 034 039 039 043 045 051 058 055 058 064 060 066 067 072 072 079 080 072 078 087 088 095 092 092 094 102 109 103 110 110 113 121 124 131 136 145 139 142 150 151 155 164 167 175 181 181 182 186 
040 042 041 043 044 045 053 053 055 057 066 070 068 071 073 075 081 081 078 075 075 082 091 097 099 096 094 098 102 106 107 115 113 120 128 133 134 139 144 147 149 158 156 164 173 179 181 187 188 192 
042 046 043 043 045 048 057 055 059 065 064 069 071 072 075 079 079 082 083 084 079 085 089 091 095 100 095 099 105 105 110 117 118 121 126 132 134 139 146 147 153 161 162 166 172 179 182 188 196 194 
044 048 049 043 043 045 048 053 056 058 061 066 073 073 074 077 081 087 087 086 083 089 097 093 095 099 100 106 110 109 114 121 127 124 127 132 138 146 152 152 158 166 162 166 170 176 183 192 199 200 
048 050 052 049 048 048 050 057 060 058 063 066 070 077 080 081 084 092 092 087 089 093 098 101 102 104 104 113 116 111 118 123 129 133 135 138 143 143 150 153 161 167 169 166 175 182 188 189 197 201 
050 053 052 053 050 052 059 063 063 060 063 067 068 073 076 081 081 088 092 090 093 098 100 106 106 110 105 113 118 115 120 126 129 136 140 145 145 152 156 158 164 171 173 174 180 188 191 189 196 202 
053 057 054 052 050 055 060 066 071 062 066 071 071 074 075 081 087 094 092 093 098 104 104 108 108 115 112 120 119 119 125 132 134 139 142 150 153 161 158 163 170 178 179 180 184 193 198 189 192 198 
056 059 062 057 059 062 063 072 072 066 070 074 080 080 075 083 087 087 094 098 103 108 104 111 109 118 117 118 126 125 131 137 135 143 144 144 150 152 161 168 175 182 181 189 187 188 195 192 192 200 
059 064 060 060 064 071 068 076 079 070 074 080 081 084 081 081 087 096 094 099 104 111 106 111 116 117 124 118 119 125 131 139 138 144 152 146 154 153 155 162 169 178 182 189 194 191 200 194 195 203 
063 066 065 068 071 074 071 076 074 070 075 079 085 093 089 085 089 095 099 100 106 111 113 111 120 122 127 125 125 127 134 140 146 145 145 151 157 161 162 165 173 180 189 184 185 192 199 203 203 207 
068 074 066 072 072 077 074 081 079 071 077 086 087 094 091 091 093 101 108 102 109 109 112 119 122 129 132 134 125 128 136 137 141 150 149 157 163 161 162 166 175 177 182 182 187 196 203 204 205 210 
077 080 074 077 078 080 083 080 077 074 074 081 090 096 098 095 093 097 101 105 106 114 112 119 127 132 133 135 130 133 135 144 142 150 158 163 165 167 168 172 175 175 177 186 186 193 196 203 210 217 
080 082 077 078 081 084 083 083 082 083 078 084 088 090 094 099 094 098 104 104 109 116 117 120 125 131 133 138 137 134 140 148 148 152 158 165 168 173 176 174 181 184 184 189 193 201 200 207 216 219 
083 087 084 079 080 083 087 089 086 085 082 088 096 092 094 098 099 105 109 108 113 120 126 123 126 131 137 145 143 139 145 153 148 152 156 162 169 178 183 180 187 193 185 190 195 202 208 207 215 222 
088 090 088 086 086 087 090 097 091 086 088 092 097 100 101 103 103 112 115 110 117 122 128 132 134 137 142 142 149 142 150 156 155 152 161 168 174 175 183 184 193 200 193 191 191 199 206 207 216 221 
091 093 089 091 089 092 090 097 093 089 092 097 099 105 105 109 104 112 117 114 119 125 128 135 139 144 144 151 153 147 153 160 159 160 166 174 177 175 182 188 195 203 198 200 198 207 207 205 213 220 
095 097 092 093 090 096 096 099 092 092 097 103 103 107 107 114 111 119 118 118 124 131 133 138 141 149 152 160 154 152 159 167 165 166 170 179 184 175 178 184 192 201 205 207 203 203 203 204 208 215 
099 101 101 096 090 098 100 099 099 097 102 107 103 110 108 117 116 117 125 124 130 136 134 142 143 143 149 151 160 159 166 173 167 175 173 174 181 178 178 186 194 202 205 205 207 205 211 208 209 218 
103 107 101 100 096 096 102 108 099 102 107 112 105 110 115 116 123 117 118 124 130 138 137 143 151 145 153 152 154 161 168 177 171 178 182 177 186 180 181 189 197 197 202 210 207 209 209 211 213 222 
108 111 107 109 104 100 104 110 104 103 109 114 112 110 119 121 126 124 124 126 133 139 145 144 144 150 156 160 161 164 172 179 180 180 181 184 191 189 189 193 202 205 202 205 207 215 217 211 220 225 
114 118 109 113 106 106 108 116 113 105 112 112 115 118 121 128 131 133 124 127 135 136 140 149 148 156 162 160 161 165 174 176 181 180 185 193 197 190 191 196 196 199 205 204 210 210 218 213 216 222 
114 121 118 119 113 110 108 112 113 109 110 118 115 122 129 133 132 134 129 132 134 143 141 149 157 162 164 166 167 171 174 174 176 185 185 192 195 197 198 203 200 200 203 203 204 212 216 221 224 230 
118 124 122 119 117 114 109 113 115 109 114 121 120 123 128 134 134 139 136 133 139 147 147 151 157 164 167 172 175 173 180 183 183 188 192 200 199 204 207 206 208 200 208 209 212 221 221 229 224 228 
122 128 129 121 119 118 114 120 118 113 118 125 129 126 129 134 140 147 142 138 144 152 147 151 155 161 168 177 182 179 186 192 184 189 194 201 207 204 212 213 208 200 202 208 214 222 230 228 233 236 
128 132 134 129 126 123 118 127 121 115 122 127 133 135 137 140 145 145 148 141 149 155 154 151 160 167 173 174 182 183 192 199 192 190 190 198 205 206 215 213 208 208 211 210 211 220 228 227 227 233 
132 137 136 135 129 125 119 127 124 119 124 130 133 140 142 147 147 154 152 146 152 159 158 159 165 173 176 174 181 187 194 202 197 199 197 206 206 204 212 219 216 217 216 210 218 218 223 224 233 241 
137 143 139 135 131 132 126 132 124 123 129 136 138 143 145 153 155 162 153 151 158 166 164 165 169 178 183 174 177 183 191 200 204 206 202 202 202 203 207 214 223 217 224 218 224 219 220 222 227 235 
142 144 139 139 132 140 131 132 132 129 135 141 139 147 147 147 153 155 162 158 165 172 166 174 172 173 180 177 177 185 193 201 204 204 206 204 210 207 208 217 226 226 223 219 224 222 229 227 229 229 
147 148 141 144 139 139 138 132 133 135 141 149 142 148 155 149 157 156 158 165 172 179 170 177 181 176 185 179 180 188 196 196 201 209 206 208 208 210 212 221 230 227 229 228 225 227 228 231 234 229 
153 153 148 144 148 144 143 139 139 137 144 150 150 149 149 155 161 164 165 168 176 183 179 179 180 183 190 188 188 192 201 204 201 204 206 214 216 210 219 224 222 231 230 232 228 236 237 232 232 235 
158 151 151 152 151 151 148 148 139 140 148 149 153 158 153 161 167 164 165 169 178 180 184 179 184 192 196 189 190 195 195 198 204 203 209 209 217 212 215 221 222 226 233 234 235 236 244 235 236 242 
159 159 151 158 159 154 149 149 144 145 147 156 154 162 162 167 169 170 171 175 178 178 180 188 184 191 194 196 197 202 199 199 202 202 203 211 215 220 223 229 227 228 232 233 235 244 249 244 245 251 
164 163 156 159 162 157 151 154 151 146 152 160 160 164 168 174 172 176 179 177 184 187 187 192 191 199 198 203 206 205 207 199 207 208 211 220 220 228 223 227 236 229 238 240 244 244 250 253 246 251 
169 170 165 162 165 162 157 162 157 151 157 165 160 164 168 174 179 185 186 183 190 196 188 193 196 203 206 203 211 212 207 199 201 207 213 221 229 227 232 235 239 230 233 240 245 247 247 248 246 255 
176 175 171 171 173 168 162 161 161 154 162 168 167 164 173 180 185 186 194 187 196 203 196 194 194 202 209 205 214 212 207 207 210 209 210 219 227 226 226 232 233 239 233 236 238 238 247 251 247 254 
181 180 174 178 176 171 164 170 165 159 165 172 171 172 178 186 188 186 193 193 200 208 201 203 201 210 210 206 214 219 215 216 215 209 217 217 222 223 232 240 242 235 240 237 246 239 245 248 247 256 
187 186 179 183 179 179 172 175 166 164 171 179 177 178 182 191 195 186 189 195 203 212 208 210 206 206 206 207 211 218 224 216 223 217 223 218 219 221 226 234 234 235 244 246 248 241 243 246 252 261 